99
36
73
17
62
82
89
45
38
75





74
73
56
52
55
96
78
11
47
44





87
71
77
97
22
49
45
39
41
11





47
13
64
71
66
99
28
54
92
12





61
32
38
76
36
75
75
96
66
71





22
85
22
28
62
32
27
15
57
19





84
28
81
19
61
44
35
21
61
55





37
33
26
26
22
81
22
72
56
57





17
89
51
22
54
43
78
25
17
61





77
12
52
68
72
13
58
76
35
46
64
41
35
84
56
19
58
32
99
97
16
59
59
77
86
51
15
59
21
35
78
14
29
37
99
12
25
25
44
12
66
74
12
71
51
53
12
88
55
72
99
14
24
32
53
75
36
66
93
84
29
88
62
86
68
32
41
43
25
66
96
91
27
66
97
86
31
18
15
12
41
17
87
92
46
62
55
61
75
87
98
32
29
52
88
97
15
57
43
94
77
46
57
43
33
52
42
25
87
84
35
14
91
34
79
93
95
22
74
58
96
96
52
12
52
44
55
87
67
86
42
11
99
73
14
38
39
85
48
72
62
82
53
86
36
45
19
54
95
98
86
38
45
47
77
63
47
51
55
97
67
29
98
92
75
63
83
31
71
85
67
51
73
73
74
72
32
24
46
77
61
36
33
77
48
59
66
92
62
15
28
91
87
18
15
26
73
49
82
98
66
12
38
32
23
25
12
22
98
28
12
71
42
88
25
89
78
29
25
58
87
17
99
67
22
43
86
49
11
85
14
35
12
57
36
69
61
26
57
92
19
75
12
88
34
58
25
64
28
18
24
53
31
18
26
58
14
11
83
81
32
45
66
29
71
89
88
96
92
94
44
51
92
65
28
67
19
37
14
53
26
92
27
59
76
39
25
77
22
41
74
97
22
34
54
15
16
65
25
19
67
94
18
99
71
25
66
98
92
19
81
92
31
65
65
45
57
86
92
23
63
48
68
28
23
75
42
24
84
37
95
75
28
95
28
43
97
87
19
13
46
18
47
16
25
86
85
27
33
43
21
36
67
27
83
32
95
17
52
68
17
69
87
99
95
32
38
49
28
12
89
95
46
12
97
55
52
15
24
65
21
11
41
99
98
68
38
31
48
34
82
56
18
77
32
78
92
49
84
75
24
71
54
56
42
83
49
82
49
19
76
85
42
56
58
11
74
18
72
75
21
24
84
67
95
81
54
96
85
18
26
21
16
64
21
54
11
74
48
65
39
54
76
28
82
34
94
67
77
72
55
75
77
44
92
86
68
55
61
37
45
88
11
99
26
47
22
49
29
99
37
12
22
59
62
93
46
15
95
38
91
78
83
44
98
51
53
55
88
82
63
36
38
51
83
88
22
63
52
75
56
81
62
76
87
59
14
34
13
44
62
68
81
58
44
75
81
19
85
97
55
99
85
12
38
55
33
92
46
35
37
94
87
38
62
45
16
29
93
43
95
88
91
22
51
18
44
27
71
27
65
31
35
84
87
92
55
68
33
35
17
51
11
87
92
32
88
22
16
54
94
98
24
92
86
36
91
24
72
66
42
92
92
33
37
45
89
59
55
44
16
48
99
64
76
92
24
99
23
23
87
69
69
79
83
63
59
73
27
32
67
52
68
18
64
75
44
11
98
86
86
17
48
87
62
55
63
99
17
19
99
92
79
66
91
51
21
66
56
41
96
84
86
55
96
25
79
48
56
66
33
66
37
77
71
24
77
22
15
71
71
14
27
98
14
65
79
54
72
54
97
66
19
56
35
98
22
19
74
64
58
99
46
82
59
74
16
17
74
33
13
95
49
33
54
79
21
47
13
14
16
88
94
51
85
21
15
73
86
47
51
73
77
59
74
28
28
27
19
95
58
86
43
77
55
99
26
65
26
76
31
57
14
12
22
97
91
92
84
83
84
66
99
67
62
53
22
45
27
85
96
94
42
86
87
56
15
86
96
78
32
38
63
55
59
27
42
66
88
49
36
64
44
19
49
23
81
26
49
34
78
91
71
85
76
91
17
96
89
22
96
23
22
69
24
65
19
14
94
33
87
69
29
48
57
24
82
25
11
13
36
72
65
93
68
38
88
73
92
45
71
22
92
49
66
39
54
11
14
49
11
37
54
72
32
89
35
35
37
45
52
39
99
99
56
63
77
31
86
85
99
22
77
49
56
87
59
14
87
12
72
55
95
18
82
83
22
88
18
31
77
83
78
98
45
41
39
34
65
54
62
88
13
21
22
24
64
13
35
22
44
11
82
14
31
16
48
85
27
49
77
89
29
42
82
39
28
13
47
19
